500
267
1018
1997
762
1750
1312
423
9
102
1525
244
374
726
789
1231
1672
1362
536
544
1705
177
1330
478
110
1139
1458
112
1805
1098
1041
885
1681
1683
1124
214
1092
1800
1309
1381
1136
589
65
804
1439
1154
1066
812
1233
1746
598
1755
1670
286
1983
734
260
457
101
223
957
1401
298
41
1117
687
1784
704
427
1803
285
583
1158
514
323
1513
1482
1586
1797
1700
330
1853
1413
1050
532
771
517
1257
1443
162
1038
781
909
29
1648
780
38
200
438
1072
1790
1227
568
905
753
242
1647
551
1799
1795
1792
767
1723
1351
698
1685
1686
1155
385
859
1876
1169
1468
1156
1374
647
1740
761
857
277
468
637
1442
91
252
995
1129
1360
425
854
1927
1880
1822
333
875
1952
1929
1109
953
437
1551
1566
1310
1490
1738
11
1911
1832
1698
1962
1720
1203
481
295
874
979
1044
401
896
1613
1762
173
1474
1990
702
1090
1347
1718
1660
1982
541
1864
456
233
164
868
83
1105
1546
858
1825
547
1170
213
1349
1671
1875
1165
40
1200
1987
691
460
1337
1131
1591
98
203
1706
535
677
336
103
1641
1666
1194
1248
94
490
850
395
538
709
705
464
1056
1361
571
1052
842
907
122
210
1662
284
1808
675
1033
1149
1905
1993
610
1900
1658
1754
651
1292
416
823
802
513
338
727
337
383
1836
1690
215
155
403
1726
897
1364
1343
363
53
1821
1673
1389
96
1581
429
776
573
835
932
1455
430
1544
1094
599
1001
611
5
466
1434
409
886
1015
1632
1062
1359
1225
938
230
87
480
712
1035
180
1694
701
1000
889
942
1924
414
1572
829
348
1653
923
212
1541
507
505
775
800
20
1229
592
554
1082
961
1332
996
750
834
946
1975
721
661
841
1058
1884
359
643
531
185
725
1251
1125
435
747
1557
1028
880
1963
1019
428
1411
1540
1164
1680
510
1503
1731
1280
697
1614
1961
443
1608
452
1340
561
793
1692
1392
1353
111
7
114
1507
291
18
522
1758
1717
1112
1981
999
1321
1489
660
884
146
140
1764
1834
1436
208
1950
612
32
1751
1636
1571
258
558
1373
1404
1240
839
1141
440
765
362
136
1497
48
797
159
1767
742
1514
19
1616
1849
1355
320
1604
1530
1446
657
1486
1677
1948
150
1828
949
1415
1521
1508
67
1205
1181
1341
202
663
826
1433
1460
616
1689
1688
882
148
329
1537
64
1012
234
508
1083
1960
1217
58
912
1113
394
766
1791
339
463
1675
282
303
562
1268
399
848
1316
1523
342
1889
1499
695
1650
540
1633
1084
293
1744
1547
496
30
1271
895
1480
39
1664
1473
618
1498
1938
1649
1753
681
1377
703
1909
289
853
943
811
1306
1711
1388
577
1424
1839
1144
1116
869
586
1206
1842
1145
635
602
85
1320
1701
324
1218
1057
1020
1324
69
620
717
641
1866
710
153
393
928
1380
1848
779
1714
447
37
296
1223
1925
652
1293
495
1079
147
1323
769
1945
472
1009
307
1386
288
1966
1592
1612
1946
413
327
461
1735
1091
193
665
489
1013
1934
815
1409
381
1898
1414
45
1208
988
866
603
369
1457
1618
969
1885
1366
117
1757
1568
935
1184
644
1770
467
543
1328
787
801
47
664
182
272
1456
1215
1007
692
1609
1794
925
1400
1813
479
1133
356
939
967
43
569
584
1102
682
1992
934
1427
313
1263
1210
1232
269
1171
824
917
1820
626
1745
1603
1684
405
700
903
1845
625
280
645
1903
1699
930
1739
341
386
253
856
473
1704
1642
959
331
1733
432
426
1264
1621
556
937
1201
1162
79
1023
246
730
1815
181
62
1048
520
672
694
1844
1269
1418
1861
104
201
555
305
73
1752
1760
922
1570
194
1520
1157
576
1204
588
1509
108
1078
807
1183
1004
1336
668
232
1569
1213
1941
1491
597
984
1437
1655
768
451
1301
325
1617
1100
1469
1779
1756
877
1061
1916
888
1529
1383
1583
1858
375
871
1207
216
1493
1475
1331
78
870
1453
1869
1715
352
209
892
1976
1396
1959
1372
1435
1412
1168
1561
1630
1375
218
836
516
1202
981
36
1003
864
1119
1209
33
1806
1371
142
311
382
1515
861
1606
1879
222
316
1024
1955
118
1395
1710
455
1385
1883
1865
828
1342
680
70
980
744
729
389
406
1216
1408
1045
1679
34
1765
26
1596
1713
17
44
1906
14
518
1719
741
243
1106
1345
50
1896
1022
1833
343
960
1465
306
1185
207
623
743
412
415
1841
578
178
1461
1069
515
1565
1953
1325
1830
1134
1148
1177
1801
1634
1921
1697
131
1918
606
1933
699
1089
686
689
1193
526
1010
947
1284
1985
550
1319
1128
739
261
1958
1282
366
431
116
1338
666
1887
1196
1123
1046
372
1191
1175
239
716
1393
1382
1365
901
924
469
411
1695
506
1477
596
471
1384
581
1265
1426
758
1867
723
1747
1068
676
121
396
1774
843
315
1595
1901
1860
667
1275
441
274
97
1538
297
1702
764
81
1172
679
791
302
1676
1588
1272
777
308
1545
899
904
1743
545
887
1127
1130
1550
448
186
256
1789
465
1524
391
1302
659
1923
268
12
636
986
126
355
529
1742
1772
1548
1600
1578
1943
106
1346
931
977
1628
1778
206
530
1776
84
290
1239
1644
42
1766
6
1810
512
1379
141
929
1910
1151
1587
1179
806
958
353
1904
784
170
273
1096
57
1970
778
204
166
499
1562
642
838
370
1579
634
221
1237
377
1827
546
1939
1580
617
27
1819
715
1238
534
397
1567
1527
1935
963
1065
1874
1467
1297
1668
484
151
404
770
1363
1674
229
60
1132
1811
1646
615
398
135
1615
873
1420
493
1300
75
1818
711
168
86
1984
1638
1053
1989
1308
1138
867
279
1485
955
1108
1652
25
1081
251
1030
693
1682
1659
433
265
1147
1926
1314
1940
270
609
1936
1826
1039
1986
1584
633
1622
1796
830
678
1564
1307
82
322
1344
1954
1329
1197
863
1773
833
1376
575
860
1368
77
1882
1741
1211
1085
1391
454
1577
477
175
176
459
673
1186
238
1423
224
1555
655
849
1160
794
735
1645
621
174
1769
774
608
964
139
1620
183
1421
724
1278
24
474
254
974
392
326
498
1951
314
1838
1707
738
720
1287
1481
275
475
167
189
487
1522
378
1016
1931
190
990
123
226
1890
994
154
1370
1518
1846
525
1137
28
1029
1034
368
1199
248
1944
1691
31
881
46
1501
436
1978
309
1037
1247
872
1601
1011
105
783
1500
263
1829
595
497
160
1930
956
737
71
250
205
417
1142
1226
1394
632
1294
1259
199
1444
1234
1440
1407
1749
915
1291
1559
2000
560
340
1804
746
933
962
1907
380
145
1047
825
669
524
890
1533
1573
408
671
76
1516
446
1286
364
1459
1502
745
1665
1313
978
1298
658
442
1535
1026
321
1536
1352
55
785
736
198
344
235
1968
549
1576
971
894
1305
1919
1244
537
1369
72
851
143
1025
1814
1809
585
976
119
434
1859
1114
1378
1087
1639
898
420
192
1099
987
1511
1
993
1354
748
572
1893
445
1059
683
10
165
1549
1528
15
1014
1153
1782
1554
144
99
1991
1974
731
646
1115
1913
163
722
998
304
1095
1895
1159
245
1877
485
1335
379
951
1120
1712
1077
281
966
225
1463
1135
970
1104
992
798
852
1843
491
1871
989
1977
973
1531
528
1915
1075
266
1256
419
1736
1847
941
814
1405
80
1542
276
138
521
878
1594
1219
601
1626
51
1563
1333
187
1043
1599
1270
1283
1972
1150
1732
347
1768
509
900
1667
294
1556
1623
1276
1669
1598
1627
317
1777
1390
654
1253
1180
1850
492
1611
1517
1775
786
1220
656
914
1357
817
1862
1387
1334
952
1425
627
1574
1121
1855
1067
1110
335
1488
1042
1277
1693
1290
312
354
563
587
1246
1526
1812
792
1708
1553
1817
1190
1654
559
1863
1097
1506
511
1262
1678
1729
1728
1994
1076
567
1824
387
908
237
1505
756
278
1835
628
1189
1416
1496
1093
1063
803
132
292
1902
89
1431
361
1326
95
1080
1722
1040
1640
527
255
1441
249
1967
1449
1851
16
1476
1470
373
1590
713
68
1031
564
706
749
1656
1163
1126
328
1032
371
1406
1878
1167
1173
1780
591
1195
805
1881
1483
1447
624
718
1610
1245
1964
49
1356
271
127
1318
1266
1448
400
1398
1589
662
1258
367
918
1979
1451
920
782
1716
757
707
1973
1311
983
22
808
1255
916
1236
1971
844
501
130
197
1339
1422
4
59
1696
1212
351
1222
504
1192
1399
1214
763
1051
1466
539
1146
809
1348
453
1182
128
1942
92
1891
1002
1949
975
169
1188
1187
1575
1868
1118
1178
1687
90
1661
1260
862
1957
23
1996
486
482
191
614
565
350
590
1999
1285
502
1892
1122
211
688
1174
1428
1761
1840
257
740
670
1403
1947
1021
13
1607
820
553
674
1854
332
196
1054
1899
719
773
129
883
2
876
1086
945
548
1288
650
1888
1759
1088
1327
893
107
1558
1597
902
120
1429
566
1419
1462
264
1279
259
1478
639
1651
1965
1452
1152
1635
927
1494
1831
985
944
1289
991
1725
21
629
1267
1709
1140
790
1111
919
921
1472
1912
1532
1510
653
1417
1552
1748
449
346
708
799
950
847
247
760
133
470
1512
1802
1856
1988
813
1071
1928
846
1064
926
622
410
390
1619
1721
1487
523
1107
604
1624
954
1605
1783
300
1504
152
865
818
1788
582
318
788
1703
821
1249
1737
1402
1969
54
236
1602
1585
1734
1176
1852
1787
1823
816
1103
35
822
1870
358
66
1872
1250
3
1450
1060
158
1917
685
63
93
1631
310
1295
179
125
444
240
1995
600
1998
1252
1495
376
1304
613
262
1519
696
1281
231
134
1445
1410
579
542
184
488
1317
1464
1582
819
494
972
837
1785
1303
640
109
1980
1070
1643
832
1073
1786
1027
439
1534
345
752
1261
301
1629
1922
1242
1886
1036
1637
402
334
1322
100
1143
1543
732
728
1932
733
751
631
476
580
1161
360
649
827
1837
607
1816
982
1727
219
594
1781
388
906
759
1055
1484
1771
968
1894
1243
855
1074
1937
1793
690
1873
891
171
1730
188
638
940
1235
1763
1920
840
195
684
1254
74
754
1438
357
217
1350
519
287
772
1432
1358
1492
241
1166
648
458
1367
149
1241
462
1017
1908
1315
157
228
714
299
365
418
1657
1454
1274
1273
52
1471
124
88
913
1228
1897
56
384
1914
349
422
795
503
1006
1663
1724
1296
1593
1224
220
1857
161
533
8
796
1798
619
552
1539
910
1299
810
319
137
1198
574
755
570
593
283
227
831
1397
61
115
1005
424
172
1430
1221
450
113
1956
1479
1807
1560
1101
997
936
557
879
483
421
845
911
630
948
965
1049
407
1008
156
1625
1230
605
